0.000000000000000000e+00 0.000000000000000000e+00 -7.518444568186528755e-09 -8.233116713464630098e-09
1.000000000000000000e+00 -1.000000000000000000e+00 7.554403634600790281e-09 -4.006171548007673155e-09
1.000000000000000000e+00 0.000000000000000000e+00 -8.059767533122776107e-09 -1.817940504122707572e-08
1.000000000000000000e+00 1.000000000000000000e+00 -7.554403634600790281e-09 -4.006171548007673155e-09
2.000000000000000000e+00 -2.000000000000000000e+00 6.650762483916004232e-08 6.540934712629904363e-07
2.000000000000000000e+00 -1.000000000000000000e+00 7.913371013972434073e-09 -1.663961210054169994e-08
2.000000000000000000e+00 0.000000000000000000e+00 -2.088805810953203446e-01 5.288352331184070110e+00
2.000000000000000000e+00 1.000000000000000000e+00 -7.913371013972434073e-09 -1.663961210054169994e-08
2.000000000000000000e+00 2.000000000000000000e+00 -6.650762483916004232e-08 6.540934712629904363e-07
3.000000000000000000e+00 -3.000000000000000000e+00 1.140464434535633593e-07 1.066264343355760401e-06
3.000000000000000000e+00 -2.000000000000000000e+00 7.656691198409933379e-09 -5.186663421533547661e-09
3.000000000000000000e+00 -1.000000000000000000e+00 2.016134279780086935e-05 8.205987727147051602e-01
3.000000000000000000e+00 0.000000000000000000e+00 -1.345972539710123280e-08 3.087204766376508567e-08
3.000000000000000000e+00 1.000000000000000000e+00 -2.016134279780086935e-05 8.205987727147051602e-01
3.000000000000000000e+00 2.000000000000000000e+00 -7.656691198409933379e-09 -5.186663421533547661e-09
3.000000000000000000e+00 3.000000000000000000e+00 -1.140464434535633593e-07 1.066264343355760401e-06
4.000000000000000000e+00 -4.000000000000000000e+00 6.566232408105852518e-09 -2.181196332848933552e-09
4.000000000000000000e+00 -3.000000000000000000e+00 7.943153645275624666e-09 -8.543906815093427255e-11
4.000000000000000000e+00 -2.000000000000000000e+00 1.253960815730865699e-08 7.094136430139876416e-08
4.000000000000000000e+00 -1.000000000000000000e+00 -1.260310789475552081e-07 4.106067609934574738e-06
4.000000000000000000e+00 0.000000000000000000e+00 -2.059967485568594825e-01 3.572769989220609066e+00
4.000000000000000000e+00 1.000000000000000000e+00 1.260310789475552081e-07 4.106067609934574738e-06
4.000000000000000000e+00 2.000000000000000000e+00 -1.253960815730865699e-08 7.094136430139876416e-08
4.000000000000000000e+00 3.000000000000000000e+00 -7.943153645275624666e-09 -8.543906815093427255e-11
4.000000000000000000e+00 4.000000000000000000e+00 -6.566232408105852518e-09 -2.181196332848933552e-09
5.000000000000000000e+00 -5.000000000000000000e+00 7.228952334438312623e-09 -6.442824485498407660e-09
5.000000000000000000e+00 -4.000000000000000000e+00 6.762431528758829735e-09 -7.450581915462031328e-09
5.000000000000000000e+00 -3.000000000000000000e+00 7.081353087355901525e-09 -7.798306642596014590e-09
5.000000000000000000e+00 -2.000000000000000000e+00 8.067935818001571912e-09 -1.602248245259806328e-09
5.000000000000000000e+00 -1.000000000000000000e+00 9.658463947980896150e-09 -1.960293469367866022e-08
5.000000000000000000e+00 0.000000000000000000e+00 6.358508355344166807e-01 1.368756782335023292e+00
5.000000000000000000e+00 1.000000000000000000e+00 -9.658463947980896150e-09 -1.960293469367866022e-08
5.000000000000000000e+00 2.000000000000000000e+00 -8.067935818001571912e-09 -1.602248245259806328e-09
5.000000000000000000e+00 3.000000000000000000e+00 -7.081353087355901525e-09 -7.798306642596014590e-09
5.000000000000000000e+00 4.000000000000000000e+00 -6.762431528758829735e-09 -7.450581915462031328e-09
5.000000000000000000e+00 5.000000000000000000e+00 -7.228952334438312623e-09 -6.442824485498407660e-09
6.000000000000000000e+00 -6.000000000000000000e+00 6.837964122640030864e-09 -4.262280894887623218e-09
6.000000000000000000e+00 -5.000000000000000000e+00 6.967802874951895679e-09 -4.205889414097545766e-09
6.000000000000000000e+00 -4.000000000000000000e+00 6.769800367353896498e-09 -6.812271113690002536e-09
6.000000000000000000e+00 -3.000000000000000000e+00 7.715345396164906977e-09 1.146669765640957047e-09
6.000000000000000000e+00 -2.000000000000000000e+00 6.590714352118367386e-09 -6.871199789610515502e-09
6.000000000000000000e+00 -1.000000000000000000e+00 6.456431496764101154e-09 -8.611339061128135092e-09
6.000000000000000000e+00 0.000000000000000000e+00 1.063456453622120268e+00 2.289134980381769324e+00
6.000000000000000000e+00 1.000000000000000000e+00 -6.456431496764101154e-09 -8.611339061128135092e-09
6.000000000000000000e+00 2.000000000000000000e+00 -6.590714352118367386e-09 -6.871199789610515502e-09
6.000000000000000000e+00 3.000000000000000000e+00 -7.715345396164906977e-09 1.146669765640957047e-09
6.000000000000000000e+00 4.000000000000000000e+00 -6.769800367353896498e-09 -6.812271113690002536e-09
6.000000000000000000e+00 5.000000000000000000e+00 -6.967802874951895679e-09 -4.205889414097545766e-09
6.000000000000000000e+00 6.000000000000000000e+00 -6.837964122640030864e-09 -4.262280894887623218e-09
7.000000000000000000e+00 -7.000000000000000000e+00 7.095497493455503105e-09 -1.552828599149752703e-09
7.000000000000000000e+00 -6.000000000000000000e+00 7.122187879860678649e-09 -6.670716965446874732e-10
7.000000000000000000e+00 -5.000000000000000000e+00 7.302091261991833325e-09 -4.412068642823112616e-09
7.000000000000000000e+00 -4.000000000000000000e+00 7.136495570973085171e-09 3.515486350627782419e-09
7.000000000000000000e+00 -3.000000000000000000e+00 7.028420935050222003e-09 3.246228799445288026e-09
7.000000000000000000e+00 -2.000000000000000000e+00 6.794639725313196569e-09 -5.102886684983831062e-09
7.000000000000000000e+00 -1.000000000000000000e+00 7.082126009448538162e-09 -3.174258161374790959e-09
7.000000000000000000e+00 0.000000000000000000e+00 4.633210422364779091e-01 1.032911731834641245e+00
7.000000000000000000e+00 1.000000000000000000e+00 -7.082126009448538162e-09 -3.174258161374790959e-09
7.000000000000000000e+00 2.000000000000000000e+00 -6.794639725313196569e-09 -5.102886684983831062e-09
7.000000000000000000e+00 3.000000000000000000e+00 -7.028420935050222003e-09 3.246228799445288026e-09
7.000000000000000000e+00 4.000000000000000000e+00 -7.136495570973085171e-09 3.515486350627782419e-09
7.000000000000000000e+00 5.000000000000000000e+00 -7.302091261991833325e-09 -4.412068642823112616e-09
7.000000000000000000e+00 6.000000000000000000e+00 -7.122187879860678649e-09 -6.670716965446874732e-10
7.000000000000000000e+00 7.000000000000000000e+00 -7.095497493455503105e-09 -1.552828599149752703e-09
8.000000000000000000e+00 -8.000000000000000000e+00 7.152362527615571855e-09 2.570163194069561200e-10
8.000000000000000000e+00 -7.000000000000000000e+00 7.467322442050707637e-09 2.842777676848165158e-09
8.000000000000000000e+00 -6.000000000000000000e+00 6.668912090947798730e-09 -5.639384447460002541e-10
8.000000000000000000e+00 -5.000000000000000000e+00 5.372088180730079084e-09 -1.882858734702990978e-09
8.000000000000000000e+00 -4.000000000000000000e+00 1.145940310879208919e-08 -4.141872784355259331e-10
8.000000000000000000e+00 -3.000000000000000000e+00 7.904955959374034547e-09 7.443068868651647578e-10
8.000000000000000000e+00 -2.000000000000000000e+00 6.931486882611119862e-09 -1.380658533032652093e-09
8.000000000000000000e+00 -1.000000000000000000e+00 6.904129047126307476e-09 -5.440098125858268214e-10
8.000000000000000000e+00 0.000000000000000000e+00 1.067186700567958280e+00 2.379242867222242541e+00
8.000000000000000000e+00 1.000000000000000000e+00 -6.904129047126307476e-09 -5.440098125858268214e-10
8.000000000000000000e+00 2.000000000000000000e+00 -6.931486882611119862e-09 -1.380658533032652093e-09
8.000000000000000000e+00 3.000000000000000000e+00 -7.904955959374034547e-09 7.443068868651647578e-10
8.000000000000000000e+00 4.000000000000000000e+00 -1.145940310879208919e-08 -4.141872784355259331e-10
8.000000000000000000e+00 5.000000000000000000e+00 -5.372088180730079084e-09 -1.882858734702990978e-09
8.000000000000000000e+00 6.000000000000000000e+00 -6.668912090947798730e-09 -5.639384447460002541e-10
8.000000000000000000e+00 7.000000000000000000e+00 -7.467322442050707637e-09 2.842777676848165158e-09
8.000000000000000000e+00 8.000000000000000000e+00 -7.152362527615571855e-09 2.570163194069561200e-10
9.000000000000000000e+00 -9.000000000000000000e+00 1.037358338876682143e-08 1.262750369344193965e-08
9.000000000000000000e+00 -8.000000000000000000e+00 9.709056865146699619e-09 7.077250998832970627e-09
9.000000000000000000e+00 -7.000000000000000000e+00 1.245281086645754162e-08 8.997560280957411623e-09
9.000000000000000000e+00 -6.000000000000000000e+00 8.196746956196363760e-09 9.089343658786351231e-09
9.000000000000000000e+00 -5.000000000000000000e+00 8.055345857877491012e-09 1.029100857419713847e-08
9.000000000000000000e+00 -4.000000000000000000e+00 5.239822204500365132e-09 1.404473958697362828e-08
9.000000000000000000e+00 -3.000000000000000000e+00 8.227396189980151520e-09 -2.112518941692327465e-09
9.000000000000000000e+00 -2.000000000000000000e+00 7.520837499795063815e-09 6.175897368378481374e-09
9.000000000000000000e+00 -1.000000000000000000e+00 7.818351026543761293e-09 -5.132112983157295471e-09
9.000000000000000000e+00 0.000000000000000000e+00 5.695961245437499709e-01 1.245343815894021988e+00
9.000000000000000000e+00 1.000000000000000000e+00 -7.818351026543761293e-09 -5.132112983157295471e-09
9.000000000000000000e+00 2.000000000000000000e+00 -7.520837499795063815e-09 6.175897368378481374e-09
9.000000000000000000e+00 3.000000000000000000e+00 -8.227396189980151520e-09 -2.112518941692327465e-09
9.000000000000000000e+00 4.000000000000000000e+00 -5.239822204500365132e-09 1.404473958697362828e-08
9.000000000000000000e+00 5.000000000000000000e+00 -8.055345857877491012e-09 1.029100857419713847e-08
9.000000000000000000e+00 6.000000000000000000e+00 -8.196746956196363760e-09 9.089343658786351231e-09
9.000000000000000000e+00 7.000000000000000000e+00 -1.245281086645754162e-08 8.997560280957411623e-09
9.000000000000000000e+00 8.000000000000000000e+00 -9.709056865146699619e-09 7.077250998832970627e-09
9.000000000000000000e+00 9.000000000000000000e+00 -1.037358338876682143e-08 1.262750369344193965e-08
1.000000000000000000e+01 -1.000000000000000000e+01 8.229074041399586498e-09 -3.945163463985415085e-10
1.000000000000000000e+01 -9.000000000000000000e+00 2.002507590885216434e-08 3.546193971643452944e-08
1.000000000000000000e+01 -8.000000000000000000e+00 1.031790324113996745e-08 1.503296846901659480e-08
1.000000000000000000e+01 -7.000000000000000000e+00 1.055239767880528170e-07 8.138891033049853757e-08
1.000000000000000000e+01 -6.000000000000000000e+00 7.056298601458491982e-09 6.987014711184153239e-09
1.000000000000000000e+01 -5.000000000000000000e+00 1.535801864796696651e-08 7.788528027992208384e-08
1.000000000000000000e+01 -4.000000000000000000e+00 -2.394177463775432388e-10 -3.696580897008353090e-10
1.000000000000000000e+01 -3.000000000000000000e+00 2.841478496732696365e-07 2.978792524913788201e-06
1.000000000000000000e+01 -2.000000000000000000e+00 6.779620480743542180e-09 2.119483386032119209e-08
1.000000000000000000e+01 -1.000000000000000000e+00 1.585443881014701512e-07 5.686335528745665979e-07
1.000000000000000000e+01 0.000000000000000000e+00 6.209918609759158131e-03 1.356164223475584026e-02
1.000000000000000000e+01 1.000000000000000000e+00 -1.585443881014701512e-07 5.686335528745665979e-07
1.000000000000000000e+01 2.000000000000000000e+00 -6.779620480743542180e-09 2.119483386032119209e-08
1.000000000000000000e+01 3.000000000000000000e+00 -2.841478496732696365e-07 2.978792524913788201e-06
1.000000000000000000e+01 4.000000000000000000e+00 2.394177463775432388e-10 -3.696580897008353090e-10
1.000000000000000000e+01 5.000000000000000000e+00 -1.535801864796696651e-08 7.788528027992208384e-08
1.000000000000000000e+01 6.000000000000000000e+00 -7.056298601458491982e-09 6.987014711184153239e-09
1.000000000000000000e+01 7.000000000000000000e+00 -1.055239767880528170e-07 8.138891033049853757e-08
1.000000000000000000e+01 8.000000000000000000e+00 -1.031790324113996745e-08 1.503296846901659480e-08
1.000000000000000000e+01 9.000000000000000000e+00 -2.002507590885216434e-08 3.546193971643452944e-08
1.000000000000000000e+01 1.000000000000000000e+01 -8.229074041399586498e-09 -3.945163463985415085e-10
1.100000000000000000e+01 -1.100000000000000000e+01 7.314019070340499110e-09 -3.267327468625125968e-09
1.100000000000000000e+01 -1.000000000000000000e+01 7.406822383056998695e-09 -3.867812597362327105e-09
1.100000000000000000e+01 -9.000000000000000000e+00 7.794714446862160277e-09 -2.993562353784840243e-09
1.100000000000000000e+01 -8.000000000000000000e+00 7.480903224573879851e-09 -3.414749312428514647e-09
1.100000000000000000e+01 -7.000000000000000000e+00 7.469188708479762155e-09 -3.406479278637573669e-09
1.100000000000000000e+01 -6.000000000000000000e+00 8.025516359098226443e-09 -4.186878959155775166e-09
1.100000000000000000e+01 -5.000000000000000000e+00 7.312320919120921040e-09 -3.168533345634253482e-09
1.100000000000000000e+01 -4.000000000000000000e+00 7.227703509879750162e-09 -2.558482200149545898e-09
1.100000000000000000e+01 -3.000000000000000000e+00 7.434169914575820041e-09 -3.766260622238493479e-09
1.100000000000000000e+01 -2.000000000000000000e+00 7.298439989229303451e-09 -3.070261703947343342e-09
1.100000000000000000e+01 -1.000000000000000000e+00 7.577133132786997674e-09 -3.156913574006004677e-09
1.100000000000000000e+01 0.000000000000000000e+00 -6.150684134431765401e-09 -3.763340044142838689e-09
1.100000000000000000e+01 1.000000000000000000e+00 -7.577133132786997674e-09 -3.156913574006004677e-09
1.100000000000000000e+01 2.000000000000000000e+00 -7.298439989229303451e-09 -3.070261703947343342e-09
1.100000000000000000e+01 3.000000000000000000e+00 -7.434169914575820041e-09 -3.766260622238493479e-09
1.100000000000000000e+01 4.000000000000000000e+00 -7.227703509879750162e-09 -2.558482200149545898e-09
1.100000000000000000e+01 5.000000000000000000e+00 -7.312320919120921040e-09 -3.168533345634253482e-09
1.100000000000000000e+01 6.000000000000000000e+00 -8.025516359098226443e-09 -4.186878959155775166e-09
1.100000000000000000e+01 7.000000000000000000e+00 -7.469188708479762155e-09 -3.406479278637573669e-09
1.100000000000000000e+01 8.000000000000000000e+00 -7.480903224573879851e-09 -3.414749312428514647e-09
1.100000000000000000e+01 9.000000000000000000e+00 -7.794714446862160277e-09 -2.993562353784840243e-09
1.100000000000000000e+01 1.000000000000000000e+01 -7.406822383056998695e-09 -3.867812597362327105e-09
1.100000000000000000e+01 1.100000000000000000e+01 -7.314019070340499110e-09 -3.267327468625125968e-09
1.200000000000000000e+01 -1.200000000000000000e+01 7.724228113839332312e-09 -4.412231644409332204e-09
1.200000000000000000e+01 -1.100000000000000000e+01 7.260672072516375892e-09 -3.512762225546742047e-09
1.200000000000000000e+01 -1.000000000000000000e+01 7.921407541703223248e-09 -3.172522365284595429e-09
1.200000000000000000e+01 -9.000000000000000000e+00 7.361751327352192035e-09 -3.204238338436072093e-09
1.200000000000000000e+01 -8.000000000000000000e+00 7.392171530526477004e-09 -2.895279109473866312e-09
1.200000000000000000e+01 -7.000000000000000000e+00 7.657982154181240750e-09 -3.271503457465719847e-09
1.200000000000000000e+01 -6.000000000000000000e+00 7.356333739683253191e-09 -3.349830325018431137e-09
1.200000000000000000e+01 -5.000000000000000000e+00 7.169725733982852747e-09 -3.391891124528648401e-09
1.200000000000000000e+01 -4.000000000000000000e+00 7.177909031558438157e-09 -3.400604623830746960e-09
1.200000000000000000e+01 -3.000000000000000000e+00 7.472100250843382136e-09 -3.169750215226809166e-09
1.200000000000000000e+01 -2.000000000000000000e+00 7.501783468770904807e-09 -2.788683790747373874e-09
1.200000000000000000e+01 -1.000000000000000000e+00 7.376668997848653791e-09 -2.988355054199170677e-09
1.200000000000000000e+01 0.000000000000000000e+00 -6.021543911879319731e-09 -2.436181464174926185e-09
1.200000000000000000e+01 1.000000000000000000e+00 -7.376668997848653791e-09 -2.988355054199170677e-09
1.200000000000000000e+01 2.000000000000000000e+00 -7.501783468770904807e-09 -2.788683790747373874e-09
1.200000000000000000e+01 3.000000000000000000e+00 -7.472100250843382136e-09 -3.169750215226809166e-09
1.200000000000000000e+01 4.000000000000000000e+00 -7.177909031558438157e-09 -3.400604623830746960e-09
1.200000000000000000e+01 5.000000000000000000e+00 -7.169725733982852747e-09 -3.391891124528648401e-09
1.200000000000000000e+01 6.000000000000000000e+00 -7.356333739683253191e-09 -3.349830325018431137e-09
1.200000000000000000e+01 7.000000000000000000e+00 -7.657982154181240750e-09 -3.271503457465719847e-09
1.200000000000000000e+01 8.000000000000000000e+00 -7.392171530526477004e-09 -2.895279109473866312e-09
1.200000000000000000e+01 9.000000000000000000e+00 -7.361751327352192035e-09 -3.204238338436072093e-09
1.200000000000000000e+01 1.000000000000000000e+01 -7.921407541703223248e-09 -3.172522365284595429e-09
1.200000000000000000e+01 1.100000000000000000e+01 -7.260672072516375892e-09 -3.512762225546742047e-09
1.200000000000000000e+01 1.200000000000000000e+01 -7.724228113839332312e-09 -4.412231644409332204e-09
1.300000000000000000e+01 -1.300000000000000000e+01 7.413657156353846572e-09 -5.945015632419810986e-09
1.300000000000000000e+01 -1.200000000000000000e+01 7.699234819613011886e-09 -6.015704976097051340e-09
1.300000000000000000e+01 -1.100000000000000000e+01 7.314578191993664288e-09 -5.925773994855203287e-09
1.300000000000000000e+01 -1.000000000000000000e+01 7.313652529552028520e-09 -5.952376958352504557e-09
1.300000000000000000e+01 -9.000000000000000000e+00 7.865370768912006879e-09 -6.107136804819637611e-09
1.300000000000000000e+01 -8.000000000000000000e+00 7.498451802774688491e-09 -5.816055036259129555e-09
1.300000000000000000e+01 -7.000000000000000000e+00 7.686921743348273740e-09 -6.101522330975054116e-09
1.300000000000000000e+01 -6.000000000000000000e+00 7.233027207591622672e-09 -5.712273860467016654e-09
1.300000000000000000e+01 -5.000000000000000000e+00 7.179301259386126149e-09 -5.881122121352477099e-09
1.300000000000000000e+01 -4.000000000000000000e+00 7.515714321601834123e-09 -5.919673930659815528e-09
1.300000000000000000e+01 -3.000000000000000000e+00 7.429766929984212277e-09 -6.110734204535177091e-09
1.300000000000000000e+01 -2.000000000000000000e+00 7.747332419836164876e-09 -5.559307499452673547e-09
1.300000000000000000e+01 -1.000000000000000000e+00 7.375692038253384751e-09 -6.065504015822523576e-09
1.300000000000000000e+01 0.000000000000000000e+00 -7.707658328015277770e-09 -6.794866231387051695e-09
1.300000000000000000e+01 1.000000000000000000e+00 -7.375692038253384751e-09 -6.065504015822523576e-09
1.300000000000000000e+01 2.000000000000000000e+00 -7.747332419836164876e-09 -5.559307499452673547e-09
1.300000000000000000e+01 3.000000000000000000e+00 -7.429766929984212277e-09 -6.110734204535177091e-09
1.300000000000000000e+01 4.000000000000000000e+00 -7.515714321601834123e-09 -5.919673930659815528e-09
1.300000000000000000e+01 5.000000000000000000e+00 -7.179301259386126149e-09 -5.881122121352477099e-09
1.300000000000000000e+01 6.000000000000000000e+00 -7.233027207591622672e-09 -5.712273860467016654e-09
1.300000000000000000e+01 7.000000000000000000e+00 -7.686921743348273740e-09 -6.101522330975054116e-09
1.300000000000000000e+01 8.000000000000000000e+00 -7.498451802774688491e-09 -5.816055036259129555e-09
1.300000000000000000e+01 9.000000000000000000e+00 -7.865370768912006879e-09 -6.107136804819637611e-09
1.300000000000000000e+01 1.000000000000000000e+01 -7.313652529552028520e-09 -5.952376958352504557e-09
1.300000000000000000e+01 1.100000000000000000e+01 -7.314578191993664288e-09 -5.925773994855203287e-09
1.300000000000000000e+01 1.200000000000000000e+01 -7.699234819613011886e-09 -6.015704976097051340e-09
1.300000000000000000e+01 1.300000000000000000e+01 -7.413657156353846572e-09 -5.945015632419810986e-09
1.400000000000000000e+01 -1.400000000000000000e+01 7.343343788438251287e-09 -6.242684233318395313e-09
1.400000000000000000e+01 -1.300000000000000000e+01 7.651376262573107409e-09 -5.751364279748638340e-09
1.400000000000000000e+01 -1.200000000000000000e+01 7.536149002038649452e-09 -5.888701158645587225e-09
1.400000000000000000e+01 -1.100000000000000000e+01 7.570928735390944876e-09 -5.691626491586334717e-09
1.400000000000000000e+01 -1.000000000000000000e+01 7.808512303891379234e-09 -5.707605962852458408e-09
1.400000000000000000e+01 -9.000000000000000000e+00 7.601409430972617845e-09 -6.030957936584587330e-09
1.400000000000000000e+01 -8.000000000000000000e+00 7.380698937796434062e-09 -5.671822469885105859e-09
1.400000000000000000e+01 -7.000000000000000000e+00 7.469026758352987288e-09 -5.971253982437585852e-09
1.400000000000000000e+01 -6.000000000000000000e+00 7.340343619917662342e-09 -5.868884661969283546e-09
1.400000000000000000e+01 -5.000000000000000000e+00 7.505278102619415653e-09 -6.035494872082515898e-09
1.400000000000000000e+01 -4.000000000000000000e+00 7.689351963307533552e-09 -6.059109784222959303e-09
1.400000000000000000e+01 -3.000000000000000000e+00 7.687602679820495346e-09 -6.037595024674916760e-09
1.400000000000000000e+01 -2.000000000000000000e+00 7.678727450124592040e-09 -5.820971200624270293e-09
1.400000000000000000e+01 -1.000000000000000000e+00 7.458545321806702554e-09 -5.711854264624713692e-09
1.400000000000000000e+01 0.000000000000000000e+00 -6.480166656295169684e-09 -5.789632817367040417e-09
1.400000000000000000e+01 1.000000000000000000e+00 -7.458545321806702554e-09 -5.711854264624713692e-09
1.400000000000000000e+01 2.000000000000000000e+00 -7.678727450124592040e-09 -5.820971200624270293e-09
1.400000000000000000e+01 3.000000000000000000e+00 -7.687602679820495346e-09 -6.037595024674916760e-09
1.400000000000000000e+01 4.000000000000000000e+00 -7.689351963307533552e-09 -6.059109784222959303e-09
1.400000000000000000e+01 5.000000000000000000e+00 -7.505278102619415653e-09 -6.035494872082515898e-09
1.400000000000000000e+01 6.000000000000000000e+00 -7.340343619917662342e-09 -5.868884661969283546e-09
1.400000000000000000e+01 7.000000000000000000e+00 -7.469026758352987288e-09 -5.971253982437585852e-09
1.400000000000000000e+01 8.000000000000000000e+00 -7.380698937796434062e-09 -5.671822469885105859e-09
1.400000000000000000e+01 9.000000000000000000e+00 -7.601409430972617845e-09 -6.030957936584587330e-09
1.400000000000000000e+01 1.000000000000000000e+01 -7.808512303891379234e-09 -5.707605962852458408e-09
1.400000000000000000e+01 1.100000000000000000e+01 -7.570928735390944876e-09 -5.691626491586334717e-09
1.400000000000000000e+01 1.200000000000000000e+01 -7.536149002038649452e-09 -5.888701158645587225e-09
1.400000000000000000e+01 1.300000000000000000e+01 -7.651376262573107409e-09 -5.751364279748638340e-09
1.400000000000000000e+01 1.400000000000000000e+01 -7.343343788438251287e-09 -6.242684233318395313e-09
1.500000000000000000e+01 -1.500000000000000000e+01 7.493644763043912874e-09 -6.658896096735398773e-09
1.500000000000000000e+01 -1.400000000000000000e+01 7.555851311633883918e-09 -6.716086053386192567e-09
1.500000000000000000e+01 -1.300000000000000000e+01 7.651932667314412730e-09 -6.370636506192192543e-09
1.500000000000000000e+01 -1.200000000000000000e+01 7.420540736689155922e-09 -6.213295131682047847e-09
1.500000000000000000e+01 -1.100000000000000000e+01 7.584465187669846946e-09 -6.725580307763369992e-09
1.500000000000000000e+01 -1.000000000000000000e+01 7.351035234678780800e-09 -6.339730376637158041e-09
1.500000000000000000e+01 -9.000000000000000000e+00 7.316735716643078631e-09 -6.570784233220744299e-09
1.500000000000000000e+01 -8.000000000000000000e+00 7.331635557055752557e-09 -6.258066850916513957e-09
1.500000000000000000e+01 -7.000000000000000000e+00 7.518188685646378682e-09 -6.394420082079476923e-09
1.500000000000000000e+01 -6.000000000000000000e+00 7.505627463701918328e-09 -6.282049731464339714e-09
1.500000000000000000e+01 -5.000000000000000000e+00 7.579041600102651060e-09 -6.541147797942666594e-09
1.500000000000000000e+01 -4.000000000000000000e+00 7.726574599397346340e-09 -6.549459745961482324e-09
1.500000000000000000e+01 -3.000000000000000000e+00 7.205781585452972620e-09 -6.491429778920621988e-09
1.500000000000000000e+01 -2.000000000000000000e+00 7.539587701830834530e-09 -6.638716324306510873e-09
1.500000000000000000e+01 -1.000000000000000000e+00 7.307155357412831575e-09 -6.433360667798808789e-09
1.500000000000000000e+01 0.000000000000000000e+00 -6.866110259311693398e-09 -6.586764167694713265e-09
1.500000000000000000e+01 1.000000000000000000e+00 -7.307155357412831575e-09 -6.433360667798808789e-09
1.500000000000000000e+01 2.000000000000000000e+00 -7.539587701830834530e-09 -6.638716324306510873e-09
1.500000000000000000e+01 3.000000000000000000e+00 -7.205781585452972620e-09 -6.491429778920621988e-09
1.500000000000000000e+01 4.000000000000000000e+00 -7.726574599397346340e-09 -6.549459745961482324e-09
1.500000000000000000e+01 5.000000000000000000e+00 -7.579041600102651060e-09 -6.541147797942666594e-09
1.500000000000000000e+01 6.000000000000000000e+00 -7.505627463701918328e-09 -6.282049731464339714e-09
1.500000000000000000e+01 7.000000000000000000e+00 -7.518188685646378682e-09 -6.394420082079476923e-09
1.500000000000000000e+01 8.000000000000000000e+00 -7.331635557055752557e-09 -6.258066850916513957e-09
1.500000000000000000e+01 9.000000000000000000e+00 -7.316735716643078631e-09 -6.570784233220744299e-09
1.500000000000000000e+01 1.000000000000000000e+01 -7.351035234678780800e-09 -6.339730376637158041e-09
1.500000000000000000e+01 1.100000000000000000e+01 -7.584465187669846946e-09 -6.725580307763369992e-09
1.500000000000000000e+01 1.200000000000000000e+01 -7.420540736689155922e-09 -6.213295131682047847e-09
1.500000000000000000e+01 1.300000000000000000e+01 -7.651932667314412730e-09 -6.370636506192192543e-09
1.500000000000000000e+01 1.400000000000000000e+01 -7.555851311633883918e-09 -6.716086053386192567e-09
1.500000000000000000e+01 1.500000000000000000e+01 -7.493644763043912874e-09 -6.658896096735398773e-09
1.600000000000000000e+01 -1.600000000000000000e+01 7.132382455607258114e-09 -6.572488657779436275e-09
1.600000000000000000e+01 -1.500000000000000000e+01 7.430897500789429001e-09 -6.571472886199445992e-09
1.600000000000000000e+01 -1.400000000000000000e+01 7.474464324727777330e-09 -6.289672703254300053e-09
1.600000000000000000e+01 -1.300000000000000000e+01 7.642458803080854586e-09 -6.828491791583610579e-09
1.600000000000000000e+01 -1.200000000000000000e+01 6.869662064055635224e-09 -6.293067483189683722e-09
1.600000000000000000e+01 -1.100000000000000000e+01 7.360782402715338472e-09 -6.264271577920218883e-09
1.600000000000000000e+01 -1.000000000000000000e+01 7.572072901784762926e-09 -6.331257296989108769e-09
1.600000000000000000e+01 -9.000000000000000000e+00 7.575037126382805116e-09 -6.663472972319815354e-09
1.600000000000000000e+01 -8.000000000000000000e+00 7.709304399972113259e-09 -6.780176819202822830e-09
1.600000000000000000e+01 -7.000000000000000000e+00 7.417304581791798266e-09 -6.269103749289646809e-09
1.600000000000000000e+01 -6.000000000000000000e+00 7.455941924531004303e-09 -6.505770145128418227e-09
1.600000000000000000e+01 -5.000000000000000000e+00 7.517051940671038451e-09 -6.459563562686715006e-09
1.600000000000000000e+01 -4.000000000000000000e+00 7.406073381836685903e-09 -6.501999311201684683e-09
1.600000000000000000e+01 -3.000000000000000000e+00 7.535036626775961559e-09 -6.165434330100042463e-09
1.600000000000000000e+01 -2.000000000000000000e+00 7.496348188229610224e-09 -6.581937808061608615e-09
1.600000000000000000e+01 -1.000000000000000000e+00 7.730199824120731813e-09 -6.491581385797898730e-09
1.600000000000000000e+01 0.000000000000000000e+00 -6.340172793180594506e-09 -6.443538853207295122e-09
1.600000000000000000e+01 1.000000000000000000e+00 -7.730199824120731813e-09 -6.491581385797898730e-09
1.600000000000000000e+01 2.000000000000000000e+00 -7.496348188229610224e-09 -6.581937808061608615e-09
1.600000000000000000e+01 3.000000000000000000e+00 -7.535036626775961559e-09 -6.165434330100042463e-09
1.600000000000000000e+01 4.000000000000000000e+00 -7.406073381836685903e-09 -6.501999311201684683e-09
1.600000000000000000e+01 5.000000000000000000e+00 -7.517051940671038451e-09 -6.459563562686715006e-09
1.600000000000000000e+01 6.000000000000000000e+00 -7.455941924531004303e-09 -6.505770145128418227e-09
1.600000000000000000e+01 7.000000000000000000e+00 -7.417304581791798266e-09 -6.269103749289646809e-09
1.600000000000000000e+01 8.000000000000000000e+00 -7.709304399972113259e-09 -6.780176819202822830e-09
1.600000000000000000e+01 9.000000000000000000e+00 -7.575037126382805116e-09 -6.663472972319815354e-09
1.600000000000000000e+01 1.000000000000000000e+01 -7.572072901784762926e-09 -6.331257296989108769e-09
1.600000000000000000e+01 1.100000000000000000e+01 -7.360782402715338472e-09 -6.264271577920218883e-09
1.600000000000000000e+01 1.200000000000000000e+01 -6.869662064055635224e-09 -6.293067483189683722e-09
1.600000000000000000e+01 1.300000000000000000e+01 -7.642458803080854586e-09 -6.828491791583610579e-09
1.600000000000000000e+01 1.400000000000000000e+01 -7.474464324727777330e-09 -6.289672703254300053e-09
1.600000000000000000e+01 1.500000000000000000e+01 -7.430897500789429001e-09 -6.571472886199445992e-09
1.600000000000000000e+01 1.600000000000000000e+01 -7.132382455607258114e-09 -6.572488657779436275e-09
1.700000000000000000e+01 -1.700000000000000000e+01 7.529751419000344056e-09 -6.935510999904530617e-09
1.700000000000000000e+01 -1.600000000000000000e+01 7.585403508018618719e-09 -7.015862837952460848e-09
1.700000000000000000e+01 -1.500000000000000000e+01 7.618056883775501518e-09 -7.228850106281748479e-09
1.700000000000000000e+01 -1.400000000000000000e+01 7.048918479081246302e-09 -6.725842886326569337e-09
1.700000000000000000e+01 -1.300000000000000000e+01 7.654499125515984633e-09 -7.553555291908102217e-09
1.700000000000000000e+01 -1.200000000000000000e+01 7.080400495897091339e-09 -6.925923218928032943e-09
1.700000000000000000e+01 -1.100000000000000000e+01 7.391388045739518833e-09 -6.913220322263063602e-09
1.700000000000000000e+01 -1.000000000000000000e+01 7.225593418071985508e-09 -7.251022488039926652e-09
1.700000000000000000e+01 -9.000000000000000000e+00 7.423005003427184279e-09 -7.271961404028036863e-09
1.700000000000000000e+01 -8.000000000000000000e+00 7.369734723727626855e-09 -7.198754645732476802e-09
1.700000000000000000e+01 -7.000000000000000000e+00 7.685800402653751943e-09 -6.823721012575572253e-09
1.700000000000000000e+01 -6.000000000000000000e+00 7.776720129498057254e-09 -6.896701805196025730e-09
1.700000000000000000e+01 -5.000000000000000000e+00 7.143889743980298714e-09 -6.949153517610047427e-09
1.700000000000000000e+01 -4.000000000000000000e+00 7.453020013671762320e-09 -7.329663947345970032e-09
1.700000000000000000e+01 -3.000000000000000000e+00 7.595993034609930082e-09 -6.912734569430485177e-09
1.700000000000000000e+01 -2.000000000000000000e+00 7.772037442515642923e-09 -6.979040776187135869e-09
1.700000000000000000e+01 -1.000000000000000000e+00 7.500599305337598087e-09 -6.851489542392410131e-09
1.700000000000000000e+01 0.000000000000000000e+00 -7.706656456328009074e-09 -7.126292288744624662e-09
1.700000000000000000e+01 1.000000000000000000e+00 -7.500599305337598087e-09 -6.851489542392410131e-09
1.700000000000000000e+01 2.000000000000000000e+00 -7.772037442515642923e-09 -6.979040776187135869e-09
1.700000000000000000e+01 3.000000000000000000e+00 -7.595993034609930082e-09 -6.912734569430485177e-09
1.700000000000000000e+01 4.000000000000000000e+00 -7.453020013671762320e-09 -7.329663947345970032e-09
1.700000000000000000e+01 5.000000000000000000e+00 -7.143889743980298714e-09 -6.949153517610047427e-09
1.700000000000000000e+01 6.000000000000000000e+00 -7.776720129498057254e-09 -6.896701805196025730e-09
1.700000000000000000e+01 7.000000000000000000e+00 -7.685800402653751943e-09 -6.823721012575572253e-09
1.700000000000000000e+01 8.000000000000000000e+00 -7.369734723727626855e-09 -7.198754645732476802e-09
1.700000000000000000e+01 9.000000000000000000e+00 -7.423005003427184279e-09 -7.271961404028036863e-09
1.700000000000000000e+01 1.000000000000000000e+01 -7.225593418071985508e-09 -7.251022488039926652e-09
1.700000000000000000e+01 1.100000000000000000e+01 -7.391388045739518833e-09 -6.913220322263063602e-09
1.700000000000000000e+01 1.200000000000000000e+01 -7.080400495897091339e-09 -6.925923218928032943e-09
1.700000000000000000e+01 1.300000000000000000e+01 -7.654499125515984633e-09 -7.553555291908102217e-09
1.700000000000000000e+01 1.400000000000000000e+01 -7.048918479081246302e-09 -6.725842886326569337e-09
1.700000000000000000e+01 1.500000000000000000e+01 -7.618056883775501518e-09 -7.228850106281748479e-09
1.700000000000000000e+01 1.600000000000000000e+01 -7.585403508018618719e-09 -7.015862837952460848e-09
1.700000000000000000e+01 1.700000000000000000e+01 -7.529751419000344056e-09 -6.935510999904530617e-09
1.800000000000000000e+01 -1.800000000000000000e+01 7.543307505434838540e-09 -6.749265882897360206e-09
1.800000000000000000e+01 -1.700000000000000000e+01 7.384122546741323136e-09 -6.905545893423550107e-09
1.800000000000000000e+01 -1.600000000000000000e+01 7.444603060081868237e-09 -7.092079608870735817e-09
1.800000000000000000e+01 -1.500000000000000000e+01 7.231744046659355966e-09 -7.165622201797572445e-09
1.800000000000000000e+01 -1.400000000000000000e+01 7.340537196741660194e-09 -6.881110708145105473e-09
1.800000000000000000e+01 -1.300000000000000000e+01 7.446576223040580955e-09 -7.250756366954865738e-09
1.800000000000000000e+01 -1.200000000000000000e+01 7.461591083039860555e-09 -6.752497607006542863e-09
1.800000000000000000e+01 -1.100000000000000000e+01 7.161510996912846483e-09 -6.706160842402790056e-09
1.800000000000000000e+01 -1.000000000000000000e+01 7.253167514139966132e-09 -6.827319491316073262e-09
1.800000000000000000e+01 -9.000000000000000000e+00 7.193352046030962441e-09 -6.772471218985232545e-09
1.800000000000000000e+01 -8.000000000000000000e+00 7.433306320224914537e-09 -7.074444930786618224e-09
1.800000000000000000e+01 -7.000000000000000000e+00 7.505131013676146426e-09 -6.690190508756893155e-09
1.800000000000000000e+01 -6.000000000000000000e+00 7.512993115581847989e-09 -6.919067266331125811e-09
1.800000000000000000e+01 -5.000000000000000000e+00 7.494654762273550656e-09 -6.652988615973053428e-09
1.800000000000000000e+01 -4.000000000000000000e+00 7.504977696363443911e-09 -6.883942875492116421e-09
1.800000000000000000e+01 -3.000000000000000000e+00 7.218728591781075033e-09 -6.826565820139901805e-09
1.800000000000000000e+01 -2.000000000000000000e+00 7.438471581555726002e-09 -6.571929483166403782e-09
1.800000000000000000e+01 -1.000000000000000000e+00 7.652042212518432126e-09 -6.708741250243207770e-09
1.800000000000000000e+01 0.000000000000000000e+00 -7.189739945261694399e-09 -6.820586047243317108e-09
1.800000000000000000e+01 1.000000000000000000e+00 -7.652042212518432126e-09 -6.708741250243207770e-09
1.800000000000000000e+01 2.000000000000000000e+00 -7.438471581555726002e-09 -6.571929483166403782e-09
1.800000000000000000e+01 3.000000000000000000e+00 -7.218728591781075033e-09 -6.826565820139901805e-09
1.800000000000000000e+01 4.000000000000000000e+00 -7.504977696363443911e-09 -6.883942875492116421e-09
1.800000000000000000e+01 5.000000000000000000e+00 -7.494654762273550656e-09 -6.652988615973053428e-09
1.800000000000000000e+01 6.000000000000000000e+00 -7.512993115581847989e-09 -6.919067266331125811e-09
1.800000000000000000e+01 7.000000000000000000e+00 -7.505131013676146426e-09 -6.690190508756893155e-09
1.800000000000000000e+01 8.000000000000000000e+00 -7.433306320224914537e-09 -7.074444930786618224e-09
1.800000000000000000e+01 9.000000000000000000e+00 -7.193352046030962441e-09 -6.772471218985232545e-09
1.800000000000000000e+01 1.000000000000000000e+01 -7.253167514139966132e-09 -6.827319491316073262e-09
1.800000000000000000e+01 1.100000000000000000e+01 -7.161510996912846483e-09 -6.706160842402790056e-09
1.800000000000000000e+01 1.200000000000000000e+01 -7.461591083039860555e-09 -6.752497607006542863e-09
1.800000000000000000e+01 1.300000000000000000e+01 -7.446576223040580955e-09 -7.250756366954865738e-09
1.800000000000000000e+01 1.400000000000000000e+01 -7.340537196741660194e-09 -6.881110708145105473e-09
1.800000000000000000e+01 1.500000000000000000e+01 -7.231744046659355966e-09 -7.165622201797572445e-09
1.800000000000000000e+01 1.600000000000000000e+01 -7.444603060081868237e-09 -7.092079608870735817e-09
1.800000000000000000e+01 1.700000000000000000e+01 -7.384122546741323136e-09 -6.905545893423550107e-09
1.800000000000000000e+01 1.800000000000000000e+01 -7.543307505434838540e-09 -6.749265882897360206e-09
1.900000000000000000e+01 -1.900000000000000000e+01 7.776336168454551733e-09 -7.076990095396650982e-09
1.900000000000000000e+01 -1.800000000000000000e+01 7.341974864379455402e-09 -7.682179681804701569e-09
1.900000000000000000e+01 -1.700000000000000000e+01 7.578477323222644099e-09 -7.424979344869234754e-09
1.900000000000000000e+01 -1.600000000000000000e+01 7.381293179764358945e-09 -7.081263062260994798e-09
1.900000000000000000e+01 -1.500000000000000000e+01 7.312106849137939374e-09 -7.492339419145762827e-09
1.900000000000000000e+01 -1.400000000000000000e+01 7.550446926838177684e-09 -7.658555518360990801e-09
1.900000000000000000e+01 -1.300000000000000000e+01 7.142204987910655619e-09 -7.657734766944211322e-09
1.900000000000000000e+01 -1.200000000000000000e+01 7.299829143810277939e-09 -7.392373500377363995e-09
1.900000000000000000e+01 -1.100000000000000000e+01 7.363290012330883254e-09 -7.756185694378773118e-09
1.900000000000000000e+01 -1.000000000000000000e+01 7.739862585714103809e-09 -7.687355825119943802e-09
1.900000000000000000e+01 -9.000000000000000000e+00 7.728355155460958394e-09 -7.520410061659242775e-09
1.900000000000000000e+01 -8.000000000000000000e+00 7.196513923014438148e-09 -7.502580648196420932e-09
1.900000000000000000e+01 -7.000000000000000000e+00 7.323486090361599588e-09 -7.459030980211014870e-09
1.900000000000000000e+01 -6.000000000000000000e+00 7.544090618978771111e-09 -7.842837318616912897e-09
1.900000000000000000e+01 -5.000000000000000000e+00 7.322095359827167007e-09 -7.521916075749685788e-09
1.900000000000000000e+01 -4.000000000000000000e+00 7.659212673952773305e-09 -7.740430078056564238e-09
1.900000000000000000e+01 -3.000000000000000000e+00 7.404547764290332291e-09 -7.220116089814873915e-09
1.900000000000000000e+01 -2.000000000000000000e+00 7.159202822153280588e-09 -7.563401854567937357e-09
1.900000000000000000e+01 -1.000000000000000000e+00 7.018023254375444983e-09 -7.462311294245656083e-09
1.900000000000000000e+01 0.000000000000000000e+00 -7.412736441437015846e-09 -8.133856265347972220e-09
1.900000000000000000e+01 1.000000000000000000e+00 -7.018023254375444983e-09 -7.462311294245656083e-09
1.900000000000000000e+01 2.000000000000000000e+00 -7.159202822153280588e-09 -7.563401854567937357e-09
1.900000000000000000e+01 3.000000000000000000e+00 -7.404547764290332291e-09 -7.220116089814873915e-09
1.900000000000000000e+01 4.000000000000000000e+00 -7.659212673952773305e-09 -7.740430078056564238e-09
1.900000000000000000e+01 5.000000000000000000e+00 -7.322095359827167007e-09 -7.521916075749685788e-09
1.900000000000000000e+01 6.000000000000000000e+00 -7.544090618978771111e-09 -7.842837318616912897e-09
1.900000000000000000e+01 7.000000000000000000e+00 -7.323486090361599588e-09 -7.459030980211014870e-09
1.900000000000000000e+01 8.000000000000000000e+00 -7.196513923014438148e-09 -7.502580648196420932e-09
1.900000000000000000e+01 9.000000000000000000e+00 -7.728355155460958394e-09 -7.520410061659242775e-09
1.900000000000000000e+01 1.000000000000000000e+01 -7.739862585714103809e-09 -7.687355825119943802e-09
1.900000000000000000e+01 1.100000000000000000e+01 -7.363290012330883254e-09 -7.756185694378773118e-09
1.900000000000000000e+01 1.200000000000000000e+01 -7.299829143810277939e-09 -7.392373500377363995e-09
1.900000000000000000e+01 1.300000000000000000e+01 -7.142204987910655619e-09 -7.657734766944211322e-09
1.900000000000000000e+01 1.400000000000000000e+01 -7.550446926838177684e-09 -7.658555518360990801e-09
1.900000000000000000e+01 1.500000000000000000e+01 -7.312106849137939374e-09 -7.492339419145762827e-09
1.900000000000000000e+01 1.600000000000000000e+01 -7.381293179764358945e-09 -7.081263062260994798e-09
1.900000000000000000e+01 1.700000000000000000e+01 -7.578477323222644099e-09 -7.424979344869234754e-09
1.900000000000000000e+01 1.800000000000000000e+01 -7.341974864379455402e-09 -7.682179681804701569e-09
1.900000000000000000e+01 1.900000000000000000e+01 -7.776336168454551733e-09 -7.076990095396650982e-09
2.000000000000000000e+01 -2.000000000000000000e+01 7.792842924088353336e-09 -7.032921441307054506e-09
2.000000000000000000e+01 -1.900000000000000000e+01 7.426026960570332709e-09 -7.020106100609360036e-09
2.000000000000000000e+01 -1.800000000000000000e+01 7.730250925046531952e-09 -7.357246159084003206e-09
2.000000000000000000e+01 -1.700000000000000000e+01 7.740857795203645131e-09 -7.392602774016216671e-09
2.000000000000000000e+01 -1.600000000000000000e+01 7.441323223116422372e-09 -7.677007691008762465e-09
2.000000000000000000e+01 -1.500000000000000000e+01 7.374618566613264032e-09 -7.129131485782732545e-09
2.000000000000000000e+01 -1.400000000000000000e+01 7.393066821222585239e-09 -7.090997009063072513e-09
2.000000000000000000e+01 -1.300000000000000000e+01 7.609228534743566549e-09 -7.684636630767612160e-09
2.000000000000000000e+01 -1.200000000000000000e+01 7.495962261256704041e-09 -7.643212268751436726e-09
2.000000000000000000e+01 -1.100000000000000000e+01 7.759516778399792458e-09 -7.771511009671090995e-09
2.000000000000000000e+01 -1.000000000000000000e+01 7.653774952856097962e-09 -7.233203667058129064e-09
2.000000000000000000e+01 -9.000000000000000000e+00 7.488658730001086911e-09 -7.686742308683508991e-09
2.000000000000000000e+01 -8.000000000000000000e+00 7.409656419513507793e-09 -7.336814217854541439e-09
2.000000000000000000e+01 -7.000000000000000000e+00 7.306444894748225081e-09 -7.298512437771458766e-09
2.000000000000000000e+01 -6.000000000000000000e+00 7.253728709699724520e-09 -7.622292269352072456e-09
2.000000000000000000e+01 -5.000000000000000000e+00 7.587434605186961708e-09 -7.218391330197213775e-09
2.000000000000000000e+01 -4.000000000000000000e+00 7.756600498504126197e-09 -7.496498351345649774e-09
2.000000000000000000e+01 -3.000000000000000000e+00 7.338335421232577676e-09 -7.456967233227687714e-09
2.000000000000000000e+01 -2.000000000000000000e+00 7.370411553610551211e-09 -7.544738901967057216e-09
2.000000000000000000e+01 -1.000000000000000000e+00 7.623491502829216777e-09 -7.473150777369807754e-09
2.000000000000000000e+01 0.000000000000000000e+00 -6.619081121962339885e-09 -6.121539426660780312e-09
2.000000000000000000e+01 1.000000000000000000e+00 -7.623491502829216777e-09 -7.473150777369807754e-09
2.000000000000000000e+01 2.000000000000000000e+00 -7.370411553610551211e-09 -7.544738901967057216e-09
2.000000000000000000e+01 3.000000000000000000e+00 -7.338335421232577676e-09 -7.456967233227687714e-09
2.000000000000000000e+01 4.000000000000000000e+00 -7.756600498504126197e-09 -7.496498351345649774e-09
2.000000000000000000e+01 5.000000000000000000e+00 -7.587434605186961708e-09 -7.218391330197213775e-09
2.000000000000000000e+01 6.000000000000000000e+00 -7.253728709699724520e-09 -7.622292269352072456e-09
2.000000000000000000e+01 7.000000000000000000e+00 -7.306444894748225081e-09 -7.298512437771458766e-09
2.000000000000000000e+01 8.000000000000000000e+00 -7.409656419513507793e-09 -7.336814217854541439e-09
2.000000000000000000e+01 9.000000000000000000e+00 -7.488658730001086911e-09 -7.686742308683508991e-09
2.000000000000000000e+01 1.000000000000000000e+01 -7.653774952856097962e-09 -7.233203667058129064e-09
2.000000000000000000e+01 1.100000000000000000e+01 -7.759516778399792458e-09 -7.771511009671090995e-09
2.000000000000000000e+01 1.200000000000000000e+01 -7.495962261256704041e-09 -7.643212268751436726e-09
2.000000000000000000e+01 1.300000000000000000e+01 -7.609228534743566549e-09 -7.684636630767612160e-09
2.000000000000000000e+01 1.400000000000000000e+01 -7.393066821222585239e-09 -7.090997009063072513e-09
2.000000000000000000e+01 1.500000000000000000e+01 -7.374618566613264032e-09 -7.129131485782732545e-09
2.000000000000000000e+01 1.600000000000000000e+01 -7.441323223116422372e-09 -7.677007691008762465e-09
2.000000000000000000e+01 1.700000000000000000e+01 -7.740857795203645131e-09 -7.392602774016216671e-09
2.000000000000000000e+01 1.800000000000000000e+01 -7.730250925046531952e-09 -7.357246159084003206e-09
2.000000000000000000e+01 1.900000000000000000e+01 -7.426026960570332709e-09 -7.020106100609360036e-09
